

               2048  |  1024  |  512  |  256  |  128  |  64  |  32  |  16  |  8  |  4  |  2  |  1  |

Puissances	11   |   10   |   9   |   8   |   7   |   6  |   5  |   4  |  3  |  2  |  1  |  0  |



                                                 
Convertir base 2 en base 10 : 


               2048  |  1024  |  512  |  256  |  128  |  64  |  32  |  16  |  8  |  4  |  2  |  1  |

                11   |   10   |   9   |   8   |   7   |   6  |   5  |   4  |  3  |  2  |  1  |  0  | 
---------------------------------------------------------------------------------------------------------------------------

Ex :    1 0 1 1 0 1 1 1                           1       0      1      1     0     1     1     1


                                                 128  +   0  +   32 +   16 +  0  +  4  +  2  +   1  = 183


Convertir base 10 en base 2 :



               2048  |  1024  |  512  |  256  |  128  |  64  |  32  |  16  |  8  |  4  |  2  |  1  |

                11   |   10   |   9   |   8   |   7   |   6  |   5  |   4  |  3  |  2  |  1  |  0  | 
---------------------------------------------------------------------------------------------------------------------------



Ex : 74                                                    1      0      0     1     0     1     0


64 dans 74 OUI reste 10
32 dans 10 NON
16 dans 10 NON
8 dans 10 OUI reste 2
4 dans 2 NON
2 dans 2 OUI reste 0
1 dans 0 NON


